-2.000000000000000000e+03
-8.702957220389932900e+02
-9.854252958371091609e+02
-1.288097505853083248e+03
-8.203072779689672416e+02
-1.500948738707743814e+03
-1.510704724032139893e+03
-9.659838031944367458e+02
-1.147877434895398437e+03
-1.790356831522431548e+03
-1.557410928555825421e+03
-1.636056402812285341e+03
-1.189747716310692567e+03
-1.474806008008955814e+03
-1.164558209079762037e+03
-1.138399644140697774e+03
-1.068908856365497968e+03
-1.074270220214432129e+03
-1.585984932908694645e+03
-1.001144560507176266e+03
-1.566516869278028480e+03
-9.542170030158147256e+02
-1.238956736942975567e+03
-1.187149617309162750e+03
-1.168084317926995254e+03
-1.274685283363196731e+03
-8.899316301779399510e+02
-1.047785758187289730e+03
-1.150453010137415504e+03
-1.175976004490959667e+03
-1.547567827524674385e+03
-1.180669203899741433e+03
-1.049663376053104685e+03
-1.297077703120007754e+03
-1.161366844589996390e+03
-1.415000988553406387e+03
-1.328521589401831761e+03
-1.595741832980977051e+03
-1.683616520934800064e+03
-1.710503960594588762e+03
-1.521005870371736137e+03
-1.171171210542843255e+03
-1.221853491276225668e+03
-9.584184147795197077e+02
-9.374151330381863545e+02
-1.013754269027527698e+03
-1.567193914035074840e+03
-1.761699394311068318e+03
-1.246581342092417117e+03
-1.504622589958731169e+03
-1.288959028972209126e+03
-1.086749713718399335e+03
-1.482852005352168135e+03
-1.183200687982515774e+03
-1.388566800314725015e+03
-7.714824699589656802e+02
-1.746713467396526084e+03
-1.311638351743139310e+03
-1.333179938040173283e+03
-1.163748155637920263e+03
-1.231370087653897144e+03
-1.571293109242924629e+03
-1.197112145174190118e+03
-9.751464653804623595e+02
-1.176598029187434804e+03
-1.657368118562289055e+03
-1.193097175523745364e+03
-1.179396834702812384e+03
-1.596284045311879709e+03
-1.036766005453792786e+03
-1.052062029739895252e+03
-1.046678154465419993e+03
-1.177917701118760988e+03
-1.479376798569182483e+03
-8.729204256284320991e+02
-1.586760582284069869e+03
-1.067968112732724421e+03
-1.111199251294981423e+03
-1.125146829536970245e+03
-1.150823005486872944e+03
-1.451879536821455758e+03
-1.022455632715443699e+03
-1.761270656714180859e+03
-1.052192356207535795e+03
-1.414583393831019521e+03
-1.314223474002511011e+03
-1.091556206794407672e+03
-1.554958011045693183e+03
-1.194665938556520132e+03
-9.422105601928917622e+02
-1.205282339468282089e+03
-1.218814604819270698e+03
-1.421455642159409990e+03
-8.907221075046709302e+02
-1.543359129593201942e+03
-1.262116238721253467e+03
-1.419740781322567273e+03
-1.407527355929904616e+03
-9.055774206616117681e+02
-9.814460913655520926e+02
-1.013658049735633767e+03
-1.082741417911670624e+03
-1.307033670701047640e+03
-1.512601717354320272e+03
-7.576800639223074540e+02
-1.690877399164842245e+03
-8.510417474062214751e+02
-1.491250880403414612e+03
-1.297212552467464775e+03
-1.298880731267390956e+03
-1.520601962509175792e+03
-8.665155345669068083e+02
-8.481346349245126248e+02
-1.749455304855497616e+03
-1.444154534963341348e+03
-1.336908480424546497e+03
-1.364507621207641023e+03
-6.388107141649852565e+02
-7.722371681535425978e+02
-8.818249899996072827e+02
-5.091508742282233584e+02
-8.438894195288237370e+02
-6.272380428209617094e+02
-1.564249755951435873e+03
-1.073035667113113504e+03
-1.579014866519173893e+03
-1.256608415831995899e+03
-1.135722304171074938e+03
-8.726657618615299725e+02
-1.500181863495922698e+03
-1.082174050488854618e+03
-1.168508473957833758e+03
-1.450016447301464268e+03
-1.616570588514408882e+03
-7.513240709460081916e+02
-9.604826722589103838e+02
-1.246940086572059727e+03
-1.006818040240277128e+03
-1.064220144036119791e+03
-1.171477939247743961e+03
-8.942748159320822197e+02
-1.522060293252737438e+03
-7.228512262768363144e+02
-1.635363372462024017e+03
-1.721026260948057825e+03
-1.628378159434672170e+03
-7.723017583250258440e+02
-1.185265818072215325e+03
-1.003947788369434988e+03
-9.015102052974594926e+02
-9.108988506607942099e+02
-9.148784328471136860e+02
-1.576596363151663127e+03
-1.009128612341504322e+03
-1.476448192420381019e+03
-1.326995810177167641e+03
-1.266278609761174948e+03
-1.555848728910236787e+03
-1.160901442332379247e+03
-1.419771923889957179e+03
-7.644445779040821662e+02
-1.161782629501036126e+03
-1.038818700726495308e+03
-1.529498097129242069e+03
-1.663799617909356812e+03
-8.816211086049084997e+02
-1.617167232263406504e+03
-8.442571830807985407e+02
-1.042835749911741459e+03
-9.003866062317168826e+02
-1.044234943785354744e+03
-1.360475322118571967e+03
-7.787074915430218880e+02
-1.229632123483389478e+03
-8.976777583601154902e+02
-1.356719467610872925e+03
-1.029651933239541449e+03
-9.069133736565745494e+02
-1.300365449726054294e+03
-1.565774846637844803e+03
-9.524448769161970176e+02
-1.125621194834790231e+03
-1.135045358649830632e+03
-1.202303977607798060e+03
-8.669669994198507084e+02
-8.757405473407858381e+02
-8.596334312712771180e+02
-1.019793296906902810e+03
-1.041958001541592466e+03
-9.870722752356833780e+02
-9.963415994628536509e+02
-1.212741429455913931e+03
-9.748126232998323530e+02
-1.092898440219197255e+03
-1.039656789166804401e+03
-8.959037417263928091e+02
-1.252416771527397032e+03
-1.000337176816628016e+03
-9.793968973760081553e+02
-1.088681985221929608e+03
-1.049675909731377715e+03
-9.715611925050739046e+02
-9.080330242669288054e+02
-8.244538199971383392e+02
-1.324383190459464004e+03
-9.298912790248433566e+02
-8.288175105025011362e+02
-9.721711853120297064e+02
-7.777825278298194007e+02
-1.132355355584608105e+03
-7.661754613467863919e+02
-9.076331435785846224e+02
-1.029005930840215115e+03
-1.198761623949791783e+03
-1.207915284573796043e+03
-9.131182421867847552e+02
-8.764229816066035710e+02
-1.061736682115652457e+03
-9.370592594448118007e+02
-7.254543382080370293e+02
-1.124868326078076734e+03
-1.071617300617626825e+03
-9.755963675755451732e+02
-9.983323974666352569e+02
-7.571018857998742533e+02
-9.973184258775219178e+02
-9.142872621356621039e+02
-9.584519289302626248e+02
-1.052718845772019904e+03
-9.992394810746168332e+02
-1.050485917223497609e+03
-1.209997982652530936e+03
-1.095462388889393878e+03
-9.263039365125271161e+02
-7.740754520714846194e+02
-1.072001138586810839e+03
-8.979328620334582638e+02
-7.834466424037435672e+02
-1.292765502050321402e+03
-7.880229129666383869e+02
-9.533784904051339026e+02
-8.894508524697259872e+02
-9.763604145894522617e+02
-1.221032869947352538e+03
-9.065919362141288502e+02
-1.012962849217112193e+03
-8.843616592874502658e+02
-1.004197316474649483e+03
-9.102241553840511870e+02
-1.073797542554656275e+03
-7.626509684708771601e+02
-9.078069117636972578e+02
-1.084443971312117128e+03
-1.160879871951799487e+03
-8.453722685410566555e+02
-6.333197638218441625e+02
-8.872116078853274530e+02
-1.019485900189102381e+03
-7.349518909118689862e+02
-1.011917871341530940e+03
-7.176581051083763896e+02
-1.046905613862860491e+03
-1.131297881698155607e+03
-1.001473231783092046e+03
-9.130906820752671820e+02
-4.804770433320525740e+02
-8.989183534641831557e+02
-8.860904556926254827e+02
-8.965058855227013055e+02
-1.013424340788292284e+03
-6.495100916586297899e+02
-8.646535506665331923e+02
-8.213137110087606061e+02
-8.917829812551713076e+02
-1.054653675497119821e+03
-1.092697626803555750e+03
-1.090046383651018914e+03
-7.442791843017811289e+02
-9.844830890385190969e+02
-8.948735238585601337e+02
-1.027325139727990063e+03
-6.699361157959903039e+02
-6.770416388246643464e+02
-4.608854578301055653e+02
-8.608171341304657744e+02
-8.899401978931244912e+02
-1.032007186152406575e+03
-7.785203876566932877e+02
-8.474392894554586064e+02
-8.062617341224037091e+02
-9.979400762667780782e+02
-8.832596251270789480e+02
-9.001763552611010937e+02
-9.785204185562279235e+02
-1.017945835924525568e+03
-7.970666993606587312e+02
-1.041824115383375556e+03
-7.741052452632982295e+02
-1.004839665330118578e+03
-9.505487822216737186e+02
-8.191936305478355962e+02
-1.016232304314007479e+03
-9.182833022843097979e+02
-8.658724574800129403e+02
-1.005489273531477352e+03
-9.011991326734527092e+02
-8.942241754728710248e+02
-9.087034747338389025e+02
-1.008148580342360106e+03
-9.001991102140551675e+02
-8.966188930379887552e+02
-9.647944056109196254e+02
-7.564936315170955368e+02
-9.914437643231921129e+02
-5.068704615293574420e+02
-7.784544559462071902e+02
-7.445738717449204387e+02
-7.308810437449077426e+02
-9.014993963544069402e+02
-7.452387804872394099e+02
-7.330962491199146598e+02
-8.726793492615606738e+02
-7.097815740952188435e+02
-6.098130373217104534e+02
-9.002712636170804217e+02
-7.519768293179638476e+02
-9.477893916349621577e+02
-6.106458107949034684e+02
-6.281052605953143484e+02
-8.852680239425474156e+02
-7.637627952583939077e+02
-3.830683282223917558e+02
-9.372817696943182000e+02
-1.008943103713711594e+03
-5.994151095737247488e+02
-6.064233211975822542e+02
-7.276692107943779320e+02
-7.473813943502018446e+02
-7.372028625759354554e+02
-7.496730505649746874e+02
-6.041689270559278384e+02
-4.916143516227548957e+02
-7.398143207529495839e+02
-9.717602200991799464e+02
-7.579382212196421733e+02
-7.481373886740328771e+02
-7.481133718296764528e+02
-6.388873385202886084e+02
-9.290124822818563644e+02
-5.963101014818234944e+02
-6.148049787407429676e+02
-7.369308898393361460e+02
-2.554973126606059850e+02
-3.755229724124282598e+02
-5.047508154374555716e+02
-7.057243949015503404e+02
-6.225827865462185855e+02
-3.859416759073610024e+02
-7.308663630184706790e+02
-6.370367898580557267e+02
-3.862938374745558576e+02
-4.972051090094539063e+02
-7.750680807249716509e+02
-8.648862302993213689e+02
-6.075143745682964891e+02
-8.777344526182295112e+02
-8.868832230443543949e+02
-8.497699237509400518e+02
-4.776019675453939044e+02
-1.219952619772286425e+03
-1.295514759900956278e+03
-1.181658094571758966e+03
-1.305072061166385993e+03
-1.339816633741772193e+03
-1.153125920108570199e+03
-1.193832129392016896e+03
-1.353799461594265722e+03
-1.084070214283471842e+03
-9.221513717880316108e+02
-9.375082139933971348e+02
-1.264919250551503865e+03
-1.219045069062071661e+03
-1.196675378730270495e+03
-1.190492029502504920e+03
-1.137546315677833491e+03
-1.206253686752906788e+03
-1.076944703798058981e+03
-1.109734437518936147e+03
-1.222513564889340614e+03
-1.327046397950666005e+03
-6.192510477379797749e+02
-1.217805692914947031e+03
-9.309818395712673009e+02
-1.156822139199528010e+03
-1.128121411090190122e+03
-5.531201656019293296e+02
-1.141553939051266752e+03
-1.141464288972608074e+03
-8.087468218237039537e+02
-7.943478263328825051e+02
-1.172675816393756122e+03
-1.257749109638541313e+03
-1.062232312515508056e+03
-1.207887223873260837e+03
-6.096878740590288999e+02
-2.370199219524941725e+02
-1.003699407724063462e+03
-7.589064279288927537e+02
-7.916002577937036904e+02
-9.060991406097873551e+02
-5.131229905168934238e+02
-1.190209230530445211e+03
-1.059767533187322442e+03
-7.774520305760833025e+02
-2.472593012538708024e+02
-5.061220202470368577e+02
-2.397658572294888017e+02
-8.930006332127841233e+02
-2.624580187690924049e+02
-9.059504217833552531e+00
-2.520631785499076614e+02
-3.836706628303610387e+02
-7.748079817233044650e+02
-3.844806926484549194e+02
-7.725748971163965280e+02
-1.294459143973729454e+02
-3.809788602695230111e+02
-3.734254733695973414e+02
-3.810805985036600987e+02
-1.236764505616165053e+02
-5.118160946112582224e+02
-1.498543707799659842e+03
-1.263056212481313452e+02
-1.301166081818400357e+02
-2.594817688867822199e+02
-1.211061409197104553e+02
-2.595163090165482913e+02
-5.956155106351455508e+00
-1.059602685596473520e+03
-5.679185233795770671e+00
-5.287079944651451342e+02
-1.226960003710660061e+02
-4.983651221550327932e+02
-1.293288575980936344e+02
-1.186647619253798212e+02
-3.764363689347687227e+02
-3.653985832275467942e+02
-5.098965132316919835e+02
-3.571975979410945570e+02
-3.603677930787430341e+02
-1.297314156969515011e+02
-2.571010628198099539e+02
-2.527794052450543063e+02
-3.476847344009939320e+02
-3.192677671254342098e+00
-3.655581887653539184e+02
-2.967092161156765329e+00
-3.621170499905146016e+02
-1.216422048875375879e+02
-1.256818364053189612e+02
-3.027018901294233455e+00
-1.241250123321961212e+02
-1.253248543470949983e+02
-3.828376436566458665e+02
-8.838209809405402666e+02
-8.662664008777571780e+02
-5.547063087418057421e+02
-8.757126678201570940e+02
-7.692605509094117906e+02
-5.122997262957488829e+02
-3.880795001993880646e+02
-9.843395365006578004e+02
-3.169927086616344809e+02
-2.569031997108050405e+02
-2.534142628992514403e+02
-5.111863370754929292e+02
-3.709522538066981951e+02
-8.564283243991396830e+02
-6.263578517784578708e+02
-3.636283701417061138e+02
-6.387078891192767287e+02
-6.152044863508785966e+02
-9.013065467644046294e+02
-6.099725693138973384e+02
-6.333104774265024162e+02
-9.980314043401576782e+02
-9.027191113934537725e+02
-7.341372854945875588e+02
-1.057934897313401279e+03
-8.622748363246414556e+02
-1.075496870433048798e+03
-8.997977100388369536e+02
-9.950705960540989281e+02
-1.043759650932994191e+03
-1.185352591712198773e+03
-1.156874426564681016e+03
-1.025316252538597610e+03
-1.022492322757004558e+03
-1.191004827115434864e+03
-1.040050822341853518e+03
-1.059569235277311009e+03
-1.062694864334574959e+03
-1.086293291184899317e+03
-9.175917925457445108e+02
-1.045369014571818525e+03
-1.067211267333697606e+03
-1.106254000659453595e+03
-1.054882230996562839e+03
-1.122647445635341683e+03
-1.160898808411867321e+03
-1.056353594187809222e+03
-1.250547094647198037e+03
-1.079284217241672877e+03
-1.039387249333869249e+03
-1.128454674393284222e+03
-1.198733155720252398e+03
-5.493192269325645611e+02
-1.312015264667210204e+03
-1.187978610611696013e+03
-1.302314566646670528e+03
-1.265566676225753326e+03
-9.214037641900565632e+02
-1.229848358198717506e+03
-7.412006783854743617e+02
-4.860625464072805357e+02
-7.605832588884106826e+02
-7.032341424871046911e+02
-2.608292102789046680e+02
-5.626447772408972696e+02
-1.385157670188302973e+03
-1.273390221353034121e+03
-1.293874475346412964e+03
-1.236553830091877444e+03
-1.213035776955289009e+02
-4.410596045380963233e+02
-2.523855021206834692e+02
-2.466871123519789535e+02
-2.448898253993850744e+02
-1.312045483680601592e+02
-3.680289666736754839e+02
-1.238679129685658751e+02
-6.780845301787782091e+02
-2.310782221490444499e+02
-3.926925804706863801e+02
-2.401414114964526334e+02
-1.268340305712752070e+02
-1.191194982169554123e+03
-1.181027758311849283e+02
-4.047433265568383263e+02
-2.060404175254444858e+00
-1.281317461394872339e+02
-2.344639013162971821e+02
-4.743336656815943115e+02
-3.654971720455124000e+02
-1.166685851240068672e+02
-3.602634763918631506e+02
-6.060997555505139189e+02
-6.071619184489740064e+02
-4.038444010411272984e+02
-5.139892443362917902e+02
-7.428337252841686222e+02
-7.684436758702297539e+02
-6.352892411924356111e+02
-7.902513935772385594e+02
-8.791395961254844451e+02
-7.529627900477509002e+02
-7.545762534164235831e+02
-8.723539872920638345e+02
-7.938119735606697986e+02
-7.521753423413601922e+02
-7.595132716044043946e+02
-8.079517379996678983e+02
-8.899387382753407110e+02
-7.538016051483721185e+02
-9.091905890012084228e+02
-7.549926103271867532e+02
-7.742459009273380843e+02
-1.073701779900414977e+03
-7.733248978399396947e+02
-7.279364134690446235e+02
-6.322429978220912972e+02
-7.680802914231472869e+02
-3.631028549395221603e+02
-8.337933838589746074e+02
-7.508903171037966331e+02
-8.747652275829087785e+02
-7.530169866035371342e+02
-6.444775150942098207e+02
-6.373633412715479380e+02
-9.176933368464567593e+02
-8.950312156131268466e+02
-7.948713074559185543e+02
-9.461512598078983274e+02
-7.303600379251770391e+02
-9.934193307609012891e+02
-7.690882445489187376e+02
-8.906021672349709206e+02
-7.789051915342769234e+02
-8.768567581324820139e+02
-8.683525236632467568e+02
-7.778651819432001275e+02
-7.653989368226086754e+02
-6.369154315289853230e+02
-1.032262472893113454e+03
-7.654047298052115593e+02
-8.958646720878218730e+02
-8.999319737669100050e+02
-9.347859705223312403e+02
-8.753587663901217866e+02
-7.759717087622764211e+02
-9.366402815103662078e+02
-8.651058427834823306e+02
-8.385478865026600488e+02
-8.991364376420241342e+02
-8.763961199785561575e+02
-8.834647157569597766e+02
-8.084541876315304307e+02
-7.484567387651646868e+02
-7.643506072188008602e+02
-7.675269104729478613e+02
-6.364700519234397689e+02
-7.606264299841914180e+02
-6.362401462878283382e+02
-6.288527961604768279e+02
-6.778342788189086150e+02
-6.997445508469457991e+02
-6.357491621828828556e+02
-7.382623912999985123e+02
-8.614527239604899478e+02
-6.209745409166691843e+02
-5.888247963206654276e+02
-7.604425674252329372e+02
-7.510492677165443638e+02
-6.407384640083648719e+02
-6.358900038694441719e+02
-6.387040879482752871e+02
-5.889338399672490141e+02
-6.320731620206012167e+02
-6.498896833990978621e+02
-6.198125799846920927e+02
-7.858002438285781182e+02
-6.013247671482845362e+02
-6.182318104357548236e+02
-6.095268563246457916e+02
-3.844639902263108411e+02
-7.329490054604214038e+02
-5.036672724265931720e+02
-6.269733560401934938e+02
-5.279649711566574979e+02
-4.998104461205954294e+02
-4.532125644719533284e+02
-5.078447215561103576e+02
-3.862323861850372282e+02
-4.798666644845203564e+02
-4.985351196438264765e+02
-3.732558965609499069e+02
-2.720827944993434926e+02
-6.205568647881219704e+02
-1.296916412266799910e+02
-3.738456963158978965e+02
-2.498963068175302169e+02
-5.051018768580938740e+02
-6.320160666309880071e+02
-7.575023299282460130e+02
-5.215882243918325685e+02
-3.341395183055203120e+02
-1.286275343252032144e+02
-2.551483310432710709e+02
-6.686543989997451263e+02
-5.097660193230112782e+02
-3.627062407362910790e+02
-5.063698490597411705e+02
-5.098803601540497539e+02
-3.447581517936185946e+02
-3.596396206140844924e+02
-1.302666322833233323e+02
-1.166838823351601349e+02
-3.690799713126490929e+02
-4.805381347363497184e+02
-1.290887876219769907e+02
-1.177310590672740886e+02
-1.273306576890203559e+02
-1.283316291261720892e+02
-1.240021228624970604e+02
-1.281802859204464369e+02
-4.049159113724783197e+02
-2.549221959365968360e+02
-2.568562001093978893e+02
-1.277754593709851321e+02
-1.272272368731014893e+02
-1.214306702102818747e+02
-3.779733969435769154e+02
-1.283294522325355445e+02
-3.564286969863856029e+02
-1.165706132910030277e+02
-2.415493191388315086e+00
-4.766489004452259906e+02
-5.183357800916407996e+02
-2.549767571387487521e+02
-1.259576194797028705e+02
-2.412576136974459189e+02
-1.237418714886300819e+02
-2.493893170696514403e+02
-3.578794308883808526e+02
-1.264162693401080730e+02
-1.213231638005152320e+02
-2.389929728410943142e+02
-1.249291516486407829e+02
-4.980084758835615162e+02
-1.296688716281827567e+02
-1.248147269840468709e+02
-1.236351988542502340e+02
-5.633733077754350838e+00
-2.761768207414887488e+00
-2.433405998778140145e+02
-1.253271996118225928e+02
-3.705670104058143579e+02
-2.431958816327596651e+02
-2.387510535686831190e+02
-2.601076468133725061e+00
-2.351683879196706073e+02
-2.136615667419068245e+02
-3.978246660754811046e+02
-3.653692814421673347e+02
-2.325173904035321755e+02
-8.870720251687455402e+02
-4.052571950014302615e+02
-2.415087065764015222e+02
-1.272859636334790139e+02
-1.282285728630789379e+02
-3.650629257133147689e+02
-1.269073100507610974e+02
-2.416259998220078842e+02
-2.453053604980198372e+02
-3.590345848440018699e+02
-1.245426222610391704e+02
-1.240499595907961350e+02
-1.221568988354997884e+02
-1.209061837728350923e+02
-4.652651557951556605e+00
-2.451692161676591297e+02
-9.821082385191359663e+02
-3.489554921676733557e+02
-1.212219801681731326e+02
-3.714674775963361526e+02
-3.722778669452387135e+02
-3.641048951404771969e+02
-1.301730734168007189e+02
-1.230371178657698863e+02
-1.251999803119015127e+02
-6.164185885161676879e+02
-5.576174361276520131e+02
-2.523095314786417589e+02
-2.432188618437288028e+02
-1.279599773984776618e+02
-2.614850304225357149e+02
-1.281006142130102603e+02
-2.543812891767221060e+02
-1.265993155933848442e+02
-3.879054624580751920e+02
-3.612973351986044577e+02
-4.896412842910861514e+02
-2.545240198082928202e+02
-1.209167481999035374e+02
-3.857103775503529164e+02
-1.206557189466100226e+02
-1.262577012558800647e+02
-3.277146404565119742e+00
-2.536510979821479452e+02
-3.714440972031316051e+02
-1.579668743608270063e+02
-1.213865873340649131e+02
-1.280986579562573979e+02
-3.499525601560326891e+02
-1.286905963286123722e+02
-2.313758637482307812e+00
-4.791018615991910146e+00
-5.787728202493530034e+02
-2.883877689621049623e+00
-2.412323463620429607e+02
-4.094672203753530084e+02
-1.188631281903555958e+02
-1.273147248032436210e+02
-3.835684141824858671e+02
-1.283746410301700678e+02
-1.256572881643181603e+02
-2.414602898521592920e+02
-2.356811539719709288e+02
-3.623370598954549564e+02
-9.698552896217325952e+02
-3.638409802183266493e+02
-1.276240147015833202e+02
-5.825225243200685554e+02
-3.643136986585500949e+02
-3.749986219256174991e+02
-1.194926868323043010e+02
-3.451547123616345516e+02
-1.297678621559583689e+02
-3.801149929933700378e+02
-2.544820039410481911e+02
-1.282481712122161071e+02
-6.095248880640669995e+02
-1.528920690953146959e+02
-5.093121082498145711e+02
-1.051863484780345289e+03
-1.276713952050786105e+02
-4.413735664771910372e+00
-2.658060407311112385e+02
-2.424903827460983621e+02
-3.290857585569375487e+02
-4.646302600250591581e+02
-1.233915691842571363e+02
-2.546460509693669110e+02
-2.470822116532011705e+02
-1.289527830127078118e+02
-2.513316836466309780e+02
-3.776231691649807658e+02
-2.355606674180094444e+02
-3.809477914259811087e+02
-3.502950115866508440e+02
-1.253577457505152495e+02
-1.178523729481389637e+02
-1.286307691186814850e+02
-5.194908203416690640e+02
-3.672021166171050481e+02
-4.374279118368572767e+02
-3.837257086224549312e+02
-2.500536385291532326e+02
-1.291272885355523101e+02
-1.248872633487731889e+02
-1.216140647345227990e+02
-3.243503110791750910e+00
-2.491574153553426356e+02
-1.299585537357409066e+02
-3.944222982126289594e+02
-2.497832929790562844e+02
-2.416264196146742336e+02
-1.298093423520508338e+02
-1.260467425805377246e+02
-1.263693437444945999e+02
-1.208353066215915135e+02
-1.203821201846482012e+02
-3.807249744675131069e+02
-2.520967578567669136e+02
-2.486520793022446298e+02
-8.162542243328449558e+02
-3.802975403957347567e+02
-2.491920700486321039e+02
-2.534756492698799377e+02
-1.225966613024910288e+02
-2.527156502166174619e+02
-3.121731935060849228e+00
-1.243268556606310682e+02
-1.179778707118421295e+02
-2.248505647918802595e+02
-1.255898175122103311e+02
-1.270143272987280767e+02
-2.528747032790889477e+02
-1.254197868144529764e+02
-5.116766679788457282e+02
-3.727123558628128421e+02
-3.264626366021731201e+02
-1.169774076706653005e+02
-2.447372861347731998e+02
-1.277391589466818544e+02
-2.455906674684860889e+02
-2.347383531660851563e+00
-2.407152479954244768e+02
-1.280360252291566496e+02
-3.612858423235851433e+02
-2.492714063271778571e+02
-2.647107329432743654e+02
-3.525314490784266468e+02
-4.923485788923395603e+02
-2.790890871797198081e+00
-2.515814273998925046e+02
-2.426418693180150683e+02
-2.341468793384968876e+02
-2.499855269678185721e+02
-1.274729572852324964e+02
-1.279451261247438367e+02
-1.311957147484914117e+02
-2.364571670130889061e+02
-2.564262931651722965e+02
-1.255114827760881013e+02
-1.254920362225440584e+02
-1.274013393462458907e+02
-3.763091467260845775e+02
-1.223280235047685665e+02
-3.621204799873578395e+02
-4.645611213235729338e+02
-1.250538474600893579e+02
-4.183580710189491292e+00
-2.593432343513522937e+02
-1.252377429562817355e+02
-1.291221679344364759e+02
-1.193823845860924564e+02
-1.210659037983952970e+02
-3.841172277540667892e+02
-2.596237152424474743e+02
-3.970588925940627067e+00
-3.557550663302793623e+02
-1.258200678510919914e+02
-2.473290961565369344e+02
-1.237631241357487113e+02
-2.623633658900346290e+02
-2.353652424527735718e+02
-1.260675947042820866e+02
-1.279100968377421310e+02
-3.393810220274525502e+00
-1.274921267658702533e+02
-1.205017206205793201e+02
-4.713927537214457857e+02
-1.214500522310769810e+02
-1.184554900157604891e+02
-2.227625958568678843e+00
-3.548551843974462940e+02
-1.158432710371174466e+02
-3.789718997821477142e+00
-2.495734431452926856e+02
-1.220228653773124279e+02
-1.298287899165179056e+02
-4.006167207457234554e+02
-3.453044500964623467e+02
-2.461017498207582719e+02
-1.445067898981236221e+00
-1.266788964554800856e+02
-1.181611140323239511e+02
-1.171106506020659026e+02
-2.486713957194397437e+02
-1.294809351090815710e+02
-1.286081680945648316e+02
-3.471318595848553628e+02
-1.264537541302243255e+02
-2.509974443423030834e+02
-2.319165286635274583e+02
-2.057010127163080071e+00
-3.909967992801545620e+02
-2.639140481310128621e+02
-1.253645549133873516e+02
-1.268108916562186579e+02
-1.278687881377222908e+02
-1.221379328028959321e+02
-3.614890338479241336e+02
-2.582548005281593646e+02
-3.529138850928708493e+00
-1.239597448786147567e+02
-2.460822490457164236e+02
-1.230994255124839896e+02
-3.783973241859697509e+02
-3.140225225783478322e+02
-1.214075610605639355e+02
-1.183388339417697921e+02
-3.594815670890706087e+02
-2.363593440635178240e+02
-2.365836402859957275e+02
-1.255596169506794837e+02
-4.904716358972214039e+02
-1.263817468946430012e+02
-1.254683029816946203e+02
-2.381870564914108090e+00
-1.137212177165163894e+03
-4.904395634870824665e+02
-4.799966336985635849e+02
-2.463514174407594624e+02
-3.879920472175525106e+02
-4.626201788564437720e+02
-1.221791086955196448e+02
-2.464755546404362292e+02
-1.164141609831088005e+02
-1.225371711957838698e+02
-1.177815703361374773e+02
-3.808595707232943823e+02
-3.653187088330740835e+02
-2.447614818331035735e+02
-2.498659087035332220e+02
-2.559921560026032239e+02
-1.016294288704651620e+02
-2.387225777968121463e+02
-1.268904637830327715e+02
-2.519387103187092407e+02
-1.279192857114427966e+02
-2.913132312632362719e+00
-2.147015447241452435e+00
-2.505181322807437141e+02
-2.486153992384315075e+02
-3.918920268126958035e+02
-1.251318076014929801e+02
-1.267364010806294488e+02
-1.214606668143510575e+02
-3.702738869914600741e+02
-3.800738462628451089e+02
-2.537024210781075624e+02
-3.466197443101304998e+02
-3.990976570770054650e+02
-2.464910945723310647e+02
-3.793665595972015581e+02
-3.693317165664267918e+02
-1.266136976510396011e+02
-1.285504547490775451e+02
-1.197578996022198794e+02
-4.980669240972988518e+02
-3.813838200350444367e+02
-6.131111012235085127e+02
-3.844076604790773786e+02
-2.501664117380900052e+02
-1.254000752417335320e+02
-2.387249706728043748e+02
-1.396298833571590023e+02
-1.786181700625873336e+00
-1.147568326179743536e+02
-2.338419148650437762e+02
-1.203089785747043265e+02
-2.469151991569648885e+02
-4.094017593941009068e+02
-2.393967996533482676e+02
-3.568474198455526221e+02
-1.218864020232860810e+02
-2.185755366491807017e+00
-3.584620551927106931e+02
-2.641477143116727007e+02
-8.623004707690657824e+02
-1.310189629635123367e+02
-1.279959358194877268e+02
-2.385663969384407039e+02
-2.489928552837491793e+02
-1.215188362238339153e+02
-7.837449263018776264e+02
-1.234251719150795594e+02
-2.430177284422152866e+02
-1.247624665603132144e+02
-1.313154976244001659e+02
-1.271739515916935659e+02
-4.900909943094401910e+02
-2.093089342667807440e+00
-1.279930301359354985e+02
-2.637407906694245980e+02
-3.497216387277068517e+00
-3.069280920948249900e+02
-2.464089972895263259e+02
-1.316176497944542234e+02
-1.198228225657441186e+02
-3.732560376768336141e+02
-1.251538640876510158e+02
-2.528860002643380369e+02
-1.312427510580861281e+02
-1.315952840224708780e+02
-9.491880421957047531e+01
-2.548269692198981886e+02
-2.486499239307605933e+02
-4.161932357880614859e+02
-3.927241956342387539e+02
-2.489906241026032490e+02
-2.362971871233961849e+02
-4.862882471213217173e+02
-3.615721054936967107e+02
-1.156384343854838903e+02
-2.479532763108511233e+02
-1.916396913201560137e+00
-1.185724779001854472e+02
-2.531793339430257390e+02
-3.533289961627818343e+02
-1.283423882499043600e+02
-2.436974468976328012e+02
-3.762028596483708043e+02
-1.177371001822580610e+02
-1.270850015258156276e+02
-2.418224884843999121e+02
-3.862951715183829720e+02
-2.453118359707434877e+02
-2.385296984281484072e+02
-1.205681463774894269e+02
-2.325183888499612692e+02
-1.250739783786897590e+02
-1.191424907644424849e+02
-2.766274273908485348e+00
-3.759908389689036881e+02
-2.618644761827728189e+02
-1.253103722141471650e+02
-1.189084522855685435e+02
-2.885266154618266743e+00
-1.241794654476227890e+02
-1.258984116761756695e+02
-2.557298632302239696e+02
-2.483215127452166087e+02
-1.282204543497246902e+02
-2.477546419052187048e+02
-2.359832928731962340e+02
-3.701974822415465951e+02
-2.853821284936024654e+02
-6.301574734659253636e+02
-7.694293456875666379e+02
-6.029552338088044507e+02
-3.035256686154546060e+02
-6.432172606968023274e+02
-4.997882491564249676e+02
-1.267364953213158572e+02
-2.280885566936097177e+02
-1.187031572286488768e+02
-1.215546808269200483e+02
-1.202391830131993373e+02
-5.917129557866532608e+00
-2.371617971053823055e+02
-1.255972738063620966e+02
-1.205627691478663621e+02
-1.270103921799424853e+02
-2.690959134004888842e+00
-1.267947033884808405e+02
-3.671031397547747588e+02
-2.469760474913645112e+02
-1.250672177950612394e+02
-3.996540330649897328e+02
-1.220832369317930244e+02
-1.286469959272615711e+02
-1.178367843759831146e+02
-3.517486309252576575e+02
-3.754940263935459370e+02
-1.199386855304210542e+02
-1.302124502610213881e+02
-1.189964593765689500e+02
-6.288959827857162566e+00
-2.342029470070297066e+02
-1.237122024546176817e+02
-2.287477255553644113e+02
-1.235162279920508013e+02
-2.483215480135241364e+02
-1.190115931132283009e+02
-3.854345240395926453e+02
-2.726154941908953333e+02
-1.311322492138110078e+02
-2.441256740819518996e+02
-1.213587251386585848e+02
-1.267612155828808085e+02
-1.267674470731081158e+02
-3.548610822809643537e+02
-1.189539211141779731e+02
-2.563957154847750530e+02
-1.218358312235124714e+02
-6.881739279810005883e+02
-2.366638672678963360e+02
-1.259275981483962426e+02
-1.859024136421836504e+00
-1.176932357429588052e+02
-1.229024771793818331e+02
-3.728674313711023842e+02
-3.811561457752989668e+02
-2.408519685087571638e+00
-4.864586994167058833e+02
-2.524140336189057621e+02
-3.800112697589727304e+02
-1.288870495890497807e+02
-1.306002282042834963e+02
-1.269179322963321113e+02
-4.517836731654289792e+02
-1.244496169942770081e+02
-4.974881445991935607e+02
-3.511726528639140383e+02
-1.503537846649136611e+02
-2.512503357658812888e+02
-2.480264373132858111e+02
-2.404596117573285028e+02
-4.879774775765971526e+02
-2.470062875892886609e+02
-2.441551215052727173e+02
-3.697022922434712200e+02
-4.547735424324562814e+02
-1.289279428331063571e+02
-1.253719230641943625e+02
-1.300742366106935322e+02
-2.473677741832747472e+02
-2.400324371650046942e+02
-3.726322224318065537e+02
-2.538023520017594876e+02
-1.268381795810823860e+02
-2.361497938970593111e+02
-2.483072149488833986e+02
-1.193908176310592779e+02
-3.826154727949099197e+02
-1.215935051404312475e+02
-1.276086401598467432e+02
-1.234976766476802084e+02
-1.287590501475009432e+02
-1.248298706724862228e+02
-2.593874933051291123e+02
-1.274921170279690017e+02
-2.431433220256566301e+02
-6.302437812825274932e+02
-1.202345823634546207e+02
-2.147855675471501247e+00
-4.717265542135113066e+00
-1.313641161193281732e+02
-1.296872947553740971e+02
-1.299898655262491047e+02
-3.678857453972555049e+02
-1.279315331647232199e+02
-2.410460226436743483e+02
-2.441708857196197471e+02
-1.187724783350977447e+02
-2.327814239810523702e+02
-1.275534462652240819e+02
-2.945014500170063343e+02
-3.733177717746349913e+02
-3.433792769945684498e+00
-3.477979682557730143e+02
-1.220350746857854176e+02
-3.350653306100557529e+02
-2.695343121837965761e+00
-2.532293486545388816e+02
-3.809527896151684967e+00
-2.727606657797455227e+02
-4.018378068926408559e+02
-3.506479805496153901e+00
-3.434083174394037208e+00
-1.214673433804499751e+02
-1.281451932593211041e+02
-1.305169094461895440e+02
-3.686478241724808758e+00
-3.515601314903569232e+02
-1.237620977798035824e+02
-2.351379534158780871e+02
-2.487902246699912325e+02
-2.573728851552186256e+02
-1.210993711123254144e+02
-1.302954737386820341e+02
-2.418014585760287272e+00
-1.258643926689892396e+02
-1.202694456600119679e+02
-2.893988967198525302e+02
-1.291368552058436308e+02
-1.221830105426489581e+02
-4.001429251944466969e+00
-1.267515634933570396e+02
-2.469124723223534659e+02
-2.058784242510454998e+00
-1.257502021432525510e+02
-1.192310529308876710e+02
-2.712083874851378251e+00
-1.235030072368561633e+02
-1.216836699563520767e+02
-2.514787678315018411e+02
-2.456218116590180500e+02
-2.283958244670410522e+02
-1.206186436123191612e+02
-2.435082697515382790e+02
-3.658576131511132985e+02
-4.099192392816242432e+02
-3.831835530709515183e+02
-4.939173823167108708e+02
-2.546647632998114545e+02
-1.208772334273303954e+02
-1.146939860743773352e+03
-3.927100683592408927e+02
-1.225955694619652263e+02
-2.503871112795987131e+02
-1.225622127905167815e+02
-1.213128061046882920e+02
-1.246546852879841794e+02
-4.965347185108813619e+02
-1.240845247989677205e+02
-1.269039079593551378e+02
-1.276352331876087618e+02
-3.844790464474609166e+02
-9.186484778570759957e+00
-3.168608807874203990e+02
-3.637410004795062832e+02
-1.270892462174623603e+02
-2.326469386488276996e+02
-2.404446373401202663e+02
-1.229463054981988250e+02
-1.220591289322399007e+02
-2.488932503444777069e+02
-2.395308423196055685e+02
-1.297303573048313581e+02
-1.281011033326474831e+02
-3.675445417356787630e+02
-1.238624032780628426e+02
-1.292989043106862255e+02
-5.025667368388768068e+02
-1.193764957451755890e+02
-1.208681593874496940e+02
-3.545644333633385372e+02
-3.897023639288644858e+02
-4.398341461115549578e+02
-1.190773285317353896e+02
-3.731950880878560497e+02
-3.671491725286259999e+00
-1.236908894873938038e+02
-3.608859905808330950e+02
-2.417258099934167603e+02
-2.436117380878706058e+02
-2.498553978995416571e+02
-1.225471716151553778e+02
-5.746541829815962288e+00
-1.209866243174172951e+02
-1.285926429844489860e+02
-1.285429626880882381e+02
-2.451411584145863571e+02
-1.153660349072936810e+02
-1.267843315428208939e+02
-1.174322978457336859e+02
-2.486473252981398332e+02
-1.157451217063114512e+02
-1.224510497028566647e+02
-2.807231938905854349e+02
-2.300630373154531014e+02
-2.419987227740112132e+02
-3.506258476125755124e+02
-3.805766169940908981e+02
-2.532143032961178051e+02
-1.276689056982626624e+02
-2.443372359086419863e+02
-1.280177579228453340e+02
-2.373584293476402252e+02
-2.348641468494591606e+02
-1.275278540386794219e+02
-2.438948216535839038e+02
-2.432198592873161545e+02
-2.903521275821127290e+00
-2.400309623099656342e+00
-1.164592748109102871e+02
-1.224694474653953336e+02
-2.491636077903348223e+02
-1.292532692028359520e+02
-2.418252141501731671e+02
-1.228867780888408703e+02
-2.899635960888797381e+00
-1.222091138790145948e+02
-1.175705693329164347e+02
-1.158705862540573150e+02
-1.228168534154236937e+02
-1.279326428628551184e+02
-3.746605227813898864e+02
-2.382524124409686408e+02
-1.800440697372157217e+02
-4.235186536129906472e+02
-1.965728720569232424e+00
-3.683962263066649712e+02
-2.580599248269422219e+02
-1.221435051360700754e+02
-1.269003242519545580e+02
-3.577220474132642547e+00
-1.225942227828763436e+02
-1.210064106477834684e+02
-1.229401202614048714e+02
-1.253169490487029805e+02
-1.209684304822160499e+02
-1.178202023653323494e+02
-1.228509283897232081e+02
-2.343673099116628009e+02
-3.941025179052816156e+02
-2.941994403399983415e+00
-2.507612522274928040e+02
-1.249002448020354450e+02
-2.966468227368420418e+00
-3.030031987654963359e+02
-2.403158529921514059e+02
-2.500388067217448906e+02
-5.178725322184716333e+02
-1.186172942319130641e+02
-1.197007024127322552e+02
-1.279421627384431588e+02
-2.506082612850888438e+02
-1.208826263867783553e+02
-2.436379007692296739e+02
-1.229313675826159482e+02
-1.189773832226840540e+02
-2.453507114976092112e+02
-1.185913280669084457e+02
-1.161819594943180647e+02
-2.424245470079785036e+02
-2.408314826440594345e+02
-3.748748560248581612e+02
-2.450942041720801967e+02
-1.245178923213178166e+02
-3.167757770496559822e+00
-3.838584239876304878e+02
-2.397341479177508461e+02
-1.216904077307710850e+02
-2.438137896109762721e+02
-1.194378766897753366e+02
-1.255414776501052643e+02
-1.301522052876826478e+02
-3.490720167190866050e+02
-2.561571225399699756e+02
-1.217220500705852828e+02
-1.233878513071874323e+02
-2.505011359942512570e+02
-2.866558712364879025e+00
-2.537981347293446106e+02
-1.280752942970538584e+02
-2.780730963800845945e+00
-3.334844156795533081e+02
-3.860106886645560280e+02
-2.488964512060275922e+02
-2.356123995044052322e+02
-2.541113330914252231e+02
-1.181471691094593552e+02
-2.367584089465572106e+02
-1.305951981492216021e+02
-4.264266675201068502e+00
-1.239632332912125747e+02
-1.179259212771802794e+02
-2.906652922643440995e+00
-1.202906769188067955e+02
-1.209817257084492894e+02
-2.440607404502195550e+02
-3.544656997733598214e+00
-2.494719599640579872e+02
-1.186660733934593708e+02
-3.151957089473664837e+02
-2.522757189105674911e+02
-2.442477054587593273e+02
-2.884068128977389733e+02
-1.213230167428651782e+02
-1.250442236541627068e+02
-1.235372114375772270e+02
-1.239986010076340790e+02
-1.157338360271257329e+02
-1.249387654255780831e+02
-1.224628052408019414e+02
-3.804208522356243627e+00
-1.219774957840086955e+02
-3.094337808747506635e+00
-2.437289115833246456e+02
-1.159236334077713906e+02
-2.249896612418120583e+02
-2.527758188345639496e+02
-2.293266240351921965e+02
-2.569057089259653139e+02
-6.810376773205232936e+00
-3.777764739458547751e+02
-1.277118603973996329e+02
-2.394114033631242648e+02
-3.869594136697717204e+02
-2.341598988238028198e+02
-1.290975489953743818e+02
-3.170249822151071317e+00
-2.812796789521175924e+02
-3.698481522724067077e+02
-4.997451356773981956e+02
-2.505671049936316592e+02
-2.289457829957629826e+02
-2.245108887639475359e+00
-3.790809126123759256e+02
-1.300023367492679540e+02
-1.239346677220357549e+02
-3.787831492078663587e+02
-3.030953916092667288e+00
-3.458994118016900643e+02
-2.203756757263391375e+00
-1.267294014826971136e+02
-1.184502292225600684e+02
-1.170994870220245048e+02
-1.176744772190973976e+02
-2.522289392281979019e+02
-1.205181066934895142e+02
-2.367807672835661492e+02
-1.256494046969724252e+02
-1.277246641233527100e+02
-2.603176194924727405e+00
-2.383588421728562707e+02
-1.202170532741380384e+02
-5.639386218702111542e+00
-2.498370977485776301e+00
-2.393878200959815388e+02
-2.502113037995692082e+02
-1.286433828338134333e+02
-1.152750323856841419e+02
-1.272338056159216677e+02
-1.263130794430002766e+02
-3.766455094054129518e+02
-1.273782803099645236e+02
-2.835816543367297413e+02
-4.144505116511766687e+02
-1.169187842151970784e+02
-1.275717667908090931e+02
-2.344813121483255145e+02
-3.699812713424879718e+00
-2.342970588622088428e+02
-3.645395683261016870e+02
-1.231326803124586888e+02
-5.151980594618869702e+00
-3.716716130081547362e+02
-1.252602625090223540e+02
-1.252559254584279245e+02
-3.823165249384717299e+02
-1.239928426496289120e+02
-1.205163404209832265e+02
-1.177143967889302445e+02
-2.502407506192083417e+02
-1.224696690673445971e+02
-2.391507931749558669e+00
-3.439427121366506981e+02
-2.427972028221311405e+02
-1.221131478265362347e+02
-2.589719213180955535e+02
-1.286612610688853238e+02
-2.441875730909069659e+02
-2.376827558761385628e+00
-1.209223315007671431e+02
-2.334831434420386813e+02
